175.727
295.025
220.617
176.182
197.342
186.676
142.773
142.773
175.864
175.864
186.676
256.125
173.159
164.924
148.216
241.628
172.418
172.418
177.539
195.346
137.463
175.317
179.644
161.047
161.047
164
188.043
258.147
150.944
196.122
191.207
158.493
255.562
137.463
150.944
158.493
197.018
183.521
164
162.874
167.141
178.393
192.042
151.208
159.85
220.145
208
162.874
165.94
161.79
161.79
159.248
151.208
220.145
191.039
167.141
161.443
223.607
144.997
223.786
161.443
162.432
189.694
232.723
144.997
192.416
164.438
134.462
181.593
148.486
196.815
152.053
192.416
152.21
134.462
148.486
236.136
220.145
245.406
196.815
222.171
195.018
173.851
165.36
165.36
193.494
174.264
190.83
154.402
154.402
168.808
174.264
189.188
209.609
172.186
147.513
175.362
164.438
157.835
168.808
200.998
172.186
159.85
164.438
157.835
182.165
209.609
147.513
154.506
159.85
169.8
154.506
176.045
215.407
164
164
171.207
169.8
164.438
195.673
155.641
196.122
164.438
172.047
179.778
176.045
153.675
153.675
178.885
194.031
194.031
182.428
155.641
172.047
179.778
185.559
172.047
164.73
212.641
184.694
204.978
191.416
156.205
181.417
164.73
176.816
209.724
214.849
156.205
173.666
165.94
214.849
160.798
173.666
165.94
176.816
212.904
162.874
198.957
205.407
186.762
153.101
212.904
162.874
160.798
153.935
180.4
153.101
273.788
153.935
200.878
173.066
175.864
175.864
157.785
257.402
168.808
199.279
228.876
212.641
168.808
208.806
158.392
147.187
163.169
144.222
212.151
157.785
172.047
147.187
144.222
167.523
157.785
195.182
177.133
167.523
152.735
159.248
172.047
228.876
225.211
157.785
193.494
161.245
166.709
208
176.182
152.735
343.185
158.795
242.157
161.245
216
158.795
216.518
283.069
